Node Number = 871
Cell Number = 1620
     1      1     31     32      1
     2      1     32      2      1
     3     31     61     62      1
     4     31     62     32      1
     5     61     91     92      1
     6     61     92     62      1
     7     91    121    122      1
     8     91    122     92      1
     9    121    151    152      1
    10    121    152    122      1
    11    151    181    182      1
    12    151    182    152      1
    13    181    211    212      1
    14    181    212    182      1
    15    211    241    242      1
    16    211    242    212      1
    17    241    271    272      1
    18    241    272    242      1
    19    271    301    302      1
    20    271    302    272      1
    21    301    331    332      1
    22    301    332    302      1
    23    331    361    362      1
    24    331    362    332      1
    25    361    391    392      1
    26    361    392    362      1
    27    391    421    422      1
    28    391    422    392      1
    29    421    451    452      1
    30    421    452    422      1
    31    451    481    482      1
    32    451    482    452      1
    33    481    511    512      1
    34    481    512    482      1
    35    511    541    542      1
    36    511    542    512      1
    37    541    571    572      1
    38    541    572    542      1
    39    571    601    602      1
    40    571    602    572      1
    41    601    631    632      1
    42    601    632    602      1
    43    631    661    662      1
    44    631    662    632      1
    45    661    691    692      1
    46    661    692    662      1
    47    691    721    722      1
    48    691    722    692      1
    49    721    751    752      1
    50    721    752    722      1
    51    751    781    782      1
    52    751    782    752      1
    53    781    811    812      1
    54    781    812    782      1
    55    811    841    842      1
    56    811    842    812      1
    57      2     32     33      1
    58      2     33      3      1
    59     32     62     63      1
    60     32     63     33      1
    61     62     92     93      1
    62     62     93     63      1
    63     92    122    123      1
    64     92    123     93      1
    65    122    152    153      1
    66    122    153    123      1
    67    152    182    183      1
    68    152    183    153      1
    69    182    212    213      1
    70    182    213    183      1
    71    212    242    243      1
    72    212    243    213      1
    73    242    272    273      1
    74    242    273    243      1
    75    272    302    303      1
    76    272    303    273      1
    77    302    332    333      1
    78    302    333    303      1
    79    332    362    363      1
    80    332    363    333      1
    81    362    392    393      1
    82    362    393    363      1
    83    392    422    423      1
    84    392    423    393      1
    85    422    452    453      1
    86    422    453    423      1
    87    452    482    483      1
    88    452    483    453      1
    89    482    512    513      1
    90    482    513    483      1
    91    512    542    543      1
    92    512    543    513      1
    93    542    572    573      1
    94    542    573    543      1
    95    572    602    603      1
    96    572    603    573      1
    97    602    632    633      1
    98    602    633    603      1
    99    632    662    663      1
   100    632    663    633      1
   101    662    692    693      1
   102    662    693    663      1
   103    692    722    723      1
   104    692    723    693      1
   105    722    752    753      1
   106    722    753    723      1
   107    752    782    783      1
   108    752    783    753      1
   109    782    812    813      1
   110    782    813    783      1
   111    812    842    843      1
   112    812    843    813      1
   113      3     33     34      1
   114      3     34      4      1
   115     33     63     64      1
   116     33     64     34      1
   117     63     93     94      1
   118     63     94     64      1
   119     93    123    124      1
   120     93    124     94      1
   121    123    153    154      1
   122    123    154    124      1
   123    153    183    184      1
   124    153    184    154      1
   125    183    213    214      1
   126    183    214    184      1
   127    213    243    244      1
   128    213    244    214      1
   129    243    273    274      1
   130    243    274    244      1
   131    273    303    304      1
   132    273    304    274      1
   133    303    333    334      1
   134    303    334    304      1
   135    333    363    364      1
   136    333    364    334      1
   137    363    393    394      1
   138    363    394    364      1
   139    393    423    424      1
   140    393    424    394      1
   141    423    453    454      1
   142    423    454    424      1
   143    453    483    484      1
   144    453    484    454      1
   145    483    513    514      1
   146    483    514    484      1
   147    513    543    544      1
   148    513    544    514      1
   149    543    573    574      1
   150    543    574    544      1
   151    573    603    604      1
   152    573    604    574      1
   153    603    633    634      1
   154    603    634    604      1
   155    633    663    664      1
   156    633    664    634      1
   157    663    693    694      1
   158    663    694    664      1
   159    693    723    724      1
   160    693    724    694      1
   161    723    753    754      1
   162    723    754    724      1
   163    753    783    784      1
   164    753    784    754      1
   165    783    813    814      1
   166    783    814    784      1
   167    813    843    844      1
   168    813    844    814      1
   169      4     34     35      1
   170      4     35      5      1
   171     34     64     65      1
   172     34     65     35      1
   173     64     94     95      1
   174     64     95     65      1
   175     94    124    125      1
   176     94    125     95      1
   177    124    154    155      1
   178    124    155    125      1
   179    154    184    185      1
   180    154    185    155      1
   181    184    214    215      1
   182    184    215    185      1
   183    214    244    245      1
   184    214    245    215      1
   185    244    274    275      1
   186    244    275    245      1
   187    274    304    305      1
   188    274    305    275      1
   189    304    334    335      1
   190    304    335    305      1
   191    334    364    365      1
   192    334    365    335      1
   193    364    394    395      1
   194    364    395    365      1
   195    394    424    425      1
   196    394    425    395      1
   197    424    454    455      1
   198    424    455    425      1
   199    454    484    485      1
   200    454    485    455      1
   201    484    514    515      1
   202    484    515    485      1
   203    514    544    545      1
   204    514    545    515      1
   205    544    574    575      1
   206    544    575    545      1
   207    574    604    605      1
   208    574    605    575      1
   209    604    634    635      1
   210    604    635    605      1
   211    634    664    665      1
   212    634    665    635      1
   213    664    694    695      1
   214    664    695    665      1
   215    694    724    725      1
   216    694    725    695      1
   217    724    754    755      1
   218    724    755    725      1
   219    754    784    785      1
   220    754    785    755      1
   221    784    814    815      1
   222    784    815    785      1
   223    814    844    845      1
   224    814    845    815      1
   225      5     35     36      1
   226      5     36      6      1
   227     35     65     66      1
   228     35     66     36      1
   229     65     95     96      1
   230     65     96     66      1
   231     95    125    126      1
   232     95    126     96      1
   233    125    155    156      1
   234    125    156    126      1
   235    155    185    186      1
   236    155    186    156      1
   237    185    215    216      1
   238    185    216    186      1
   239    215    245    246      1
   240    215    246    216      1
   241    245    275    276      1
   242    245    276    246      1
   243    275    305    306      1
   244    275    306    276      1
   245    305    335    336      1
   246    305    336    306      1
   247    335    365    366      1
   248    335    366    336      1
   249    365    395    396      1
   250    365    396    366      1
   251    395    425    426      1
   252    395    426    396      1
   253    425    455    456      1
   254    425    456    426      1
   255    455    485    486      1
   256    455    486    456      1
   257    485    515    516      1
   258    485    516    486      1
   259    515    545    546      1
   260    515    546    516      1
   261    545    575    576      1
   262    545    576    546      1
   263    575    605    606      1
   264    575    606    576      1
   265    605    635    636      1
   266    605    636    606      1
   267    635    665    666      1
   268    635    666    636      1
   269    665    695    696      1
   270    665    696    666      1
   271    695    725    726      1
   272    695    726    696      1
   273    725    755    756      1
   274    725    756    726      1
   275    755    785    786      1
   276    755    786    756      1
   277    785    815    816      1
   278    785    816    786      1
   279    815    845    846      1
   280    815    846    816      1
   281      6     36     37      1
   282      6     37      7      1
   283     36     66     67      1
   284     36     67     37      1
   285     66     96     97      1
   286     66     97     67      1
   287     96    126    127      1
   288     96    127     97      1
   289    126    156    157      1
   290    126    157    127      1
   291    156    186    187      1
   292    156    187    157      1
   293    186    216    217      1
   294    186    217    187      1
   295    216    246    247      1
   296    216    247    217      1
   297    246    276    277      1
   298    246    277    247      1
   299    276    306    307      1
   300    276    307    277      1
   301    306    336    337      1
   302    306    337    307      1
   303    336    366    367      1
   304    336    367    337      1
   305    366    396    397      1
   306    366    397    367      1
   307    396    426    427      1
   308    396    427    397      1
   309    426    456    457      1
   310    426    457    427      1
   311    456    486    487      1
   312    456    487    457      1
   313    486    516    517      1
   314    486    517    487      1
   315    516    546    547      1
   316    516    547    517      1
   317    546    576    577      1
   318    546    577    547      1
   319    576    606    607      1
   320    576    607    577      1
   321    606    636    637      1
   322    606    637    607      1
   323    636    666    667      1
   324    636    667    637      1
   325    666    696    697      1
   326    666    697    667      1
   327    696    726    727      1
   328    696    727    697      1
   329    726    756    757      1
   330    726    757    727      1
   331    756    786    787      1
   332    756    787    757      1
   333    786    816    817      1
   334    786    817    787      1
   335    816    846    847      1
   336    816    847    817      1
   337      7     37     38      1
   338      7     38      8      1
   339     37     67     68      1
   340     37     68     38      1
   341     67     97     98      1
   342     67     98     68      1
   343     97    127    128      1
   344     97    128     98      1
   345    127    157    158      1
   346    127    158    128      1
   347    157    187    188      1
   348    157    188    158      1
   349    187    217    218      1
   350    187    218    188      1
   351    217    247    248      1
   352    217    248    218      1
   353    247    277    278      1
   354    247    278    248      1
   355    277    307    308      1
   356    277    308    278      1
   357    307    337    338      1
   358    307    338    308      1
   359    337    367    368      1
   360    337    368    338      1
   361    367    397    398      1
   362    367    398    368      1
   363    397    427    428      1
   364    397    428    398      1
   365    427    457    458      1
   366    427    458    428      1
   367    457    487    488      1
   368    457    488    458      1
   369    487    517    518      1
   370    487    518    488      1
   371    517    547    548      1
   372    517    548    518      1
   373    547    577    578      1
   374    547    578    548      1
   375    577    607    608      1
   376    577    608    578      1
   377    607    637    638      1
   378    607    638    608      1
   379    637    667    668      1
   380    637    668    638      1
   381    667    697    698      1
   382    667    698    668      1
   383    697    727    728      1
   384    697    728    698      1
   385    727    757    758      1
   386    727    758    728      1
   387    757    787    788      1
   388    757    788    758      1
   389    787    817    818      1
   390    787    818    788      1
   391    817    847    848      1
   392    817    848    818      1
   393      8     38     39      1
   394      8     39      9      1
   395     38     68     69      1
   396     38     69     39      1
   397     68     98     99      1
   398     68     99     69      1
   399     98    128    129      1
   400     98    129     99      1
   401    128    158    159      1
   402    128    159    129      1
   403    158    188    189      1
   404    158    189    159      1
   405    188    218    219      1
   406    188    219    189      1
   407    218    248    249      1
   408    218    249    219      1
   409    248    278    279      1
   410    248    279    249      1
   411    278    308    309      1
   412    278    309    279      1
   413    308    338    339      1
   414    308    339    309      1
   415    338    368    369      1
   416    338    369    339      1
   417    368    398    399      1
   418    368    399    369      1
   419    398    428    429      1
   420    398    429    399      1
   421    428    458    459      1
   422    428    459    429      1
   423    458    488    489      1
   424    458    489    459      1
   425    488    518    519      1
   426    488    519    489      1
   427    518    548    549      1
   428    518    549    519      1
   429    548    578    579      1
   430    548    579    549      1
   431    578    608    609      1
   432    578    609    579      1
   433    608    638    639      1
   434    608    639    609      1
   435    638    668    669      1
   436    638    669    639      1
   437    668    698    699      1
   438    668    699    669      1
   439    698    728    729      1
   440    698    729    699      1
   441    728    758    759      1
   442    728    759    729      1
   443    758    788    789      1
   444    758    789    759      1
   445    788    818    819      1
   446    788    819    789      1
   447    818    848    849      1
   448    818    849    819      1
   449      9     39     40      1
   450      9     40     10      1
   451     39     69     70      1
   452     39     70     40      1
   453     69     99    100      1
   454     69    100     70      1
   455     99    129    130      1
   456     99    130    100      1
   457    129    159    160      1
   458    129    160    130      1
   459    159    189    190      1
   460    159    190    160      1
   461    189    219    220      1
   462    189    220    190      1
   463    219    249    250      1
   464    219    250    220      1
   465    249    279    280      1
   466    249    280    250      1
   467    279    309    310      1
   468    279    310    280      1
   469    309    339    340      1
   470    309    340    310      1
   471    339    369    370      1
   472    339    370    340      1
   473    369    399    400      1
   474    369    400    370      1
   475    399    429    430      1
   476    399    430    400      1
   477    429    459    460      1
   478    429    460    430      1
   479    459    489    490      1
   480    459    490    460      1
   481    489    519    520      1
   482    489    520    490      1
   483    519    549    550      1
   484    519    550    520      1
   485    549    579    580      1
   486    549    580    550      1
   487    579    609    610      1
   488    579    610    580      1
   489    609    639    640      1
   490    609    640    610      1
   491    639    669    670      1
   492    639    670    640      1
   493    669    699    700      1
   494    669    700    670      1
   495    699    729    730      1
   496    699    730    700      1
   497    729    759    760      1
   498    729    760    730      1
   499    759    789    790      1
   500    759    790    760      1
   501    789    819    820      1
   502    789    820    790      1
   503    819    849    850      1
   504    819    850    820      1
   505     10     40     41      1
   506     10     41     11      1
   507     40     70     71      1
   508     40     71     41      1
   509     70    100    101      1
   510     70    101     71      1
   511    100    130    131      1
   512    100    131    101      1
   513    130    160    161      1
   514    130    161    131      1
   515    160    190    191      1
   516    160    191    161      1
   517    190    220    221      1
   518    190    221    191      1
   519    220    250    251      1
   520    220    251    221      1
   521    250    280    281      1
   522    250    281    251      1
   523    280    310    311      1
   524    280    311    281      1
   525    310    340    341      1
   526    310    341    311      1
   527    340    370    371      1
   528    340    371    341      1
   529    370    400    401      1
   530    370    401    371      1
   531    400    430    431      1
   532    400    431    401      1
   533    430    460    461      1
   534    430    461    431      1
   535    460    490    491      1
   536    460    491    461      1
   537    490    520    521      1
   538    490    521    491      1
   539    520    550    551      1
   540    520    551    521      1
   541    550    580    581      1
   542    550    581    551      1
   543    580    610    611      1
   544    580    611    581      1
   545    610    640    641      1
   546    610    641    611      1
   547    640    670    671      1
   548    640    671    641      1
   549    670    700    701      1
   550    670    701    671      1
   551    700    730    731      1
   552    700    731    701      1
   553    730    760    761      1
   554    730    761    731      1
   555    760    790    791      1
   556    760    791    761      1
   557    790    820    821      1
   558    790    821    791      1
   559    820    850    851      1
   560    820    851    821      1
   561     11     41     42      1
   562     11     42     12      1
   563     41     71     72      1
   564     41     72     42      1
   565     71    101    102      1
   566     71    102     72      1
   567    101    131    132      1
   568    101    132    102      1
   569    131    161    162      1
   570    131    162    132      1
   571    161    191    192      1
   572    161    192    162      1
   573    191    221    222      1
   574    191    222    192      1
   575    221    251    252      1
   576    221    252    222      1
   577    251    281    282      1
   578    251    282    252      1
   579    281    311    312      1
   580    281    312    282      1
   581    311    341    342      1
   582    311    342    312      1
   583    341    371    372      1
   584    341    372    342      1
   585    371    401    402      1
   586    371    402    372      1
   587    401    431    432      1
   588    401    432    402      1
   589    431    461    462      1
   590    431    462    432      1
   591    461    491    492      1
   592    461    492    462      1
   593    491    521    522      1
   594    491    522    492      1
   595    521    551    552      1
   596    521    552    522      1
   597    551    581    582      1
   598    551    582    552      1
   599    581    611    612      1
   600    581    612    582      1
   601    611    641    642      1
   602    611    642    612      1
   603    641    671    672      1
   604    641    672    642      1
   605    671    701    702      1
   606    671    702    672      1
   607    701    731    732      1
   608    701    732    702      1
   609    731    761    762      1
   610    731    762    732      1
   611    761    791    792      1
   612    761    792    762      1
   613    791    821    822      1
   614    791    822    792      1
   615    821    851    852      1
   616    821    852    822      1
   617     12     42     43      1
   618     12     43     13      1
   619     42     72     73      1
   620     42     73     43      1
   621     72    102    103      1
   622     72    103     73      1
   623    102    132    133      1
   624    102    133    103      1
   625    132    162    163      1
   626    132    163    133      1
   627    162    192    193      1
   628    162    193    163      1
   629    192    222    223      1
   630    192    223    193      1
   631    222    252    253      1
   632    222    253    223      1
   633    252    282    283      1
   634    252    283    253      1
   635    282    312    313      1
   636    282    313    283      1
   637    312    342    343      1
   638    312    343    313      1
   639    342    372    373      1
   640    342    373    343      1
   641    372    402    403      1
   642    372    403    373      1
   643    402    432    433      1
   644    402    433    403      1
   645    432    462    463      1
   646    432    463    433      1
   647    462    492    493      1
   648    462    493    463      1
   649    492    522    523      1
   650    492    523    493      1
   651    522    552    553      1
   652    522    553    523      1
   653    552    582    583      1
   654    552    583    553      1
   655    582    612    613      1
   656    582    613    583      1
   657    612    642    643      1
   658    612    643    613      1
   659    642    672    673      1
   660    642    673    643      1
   661    672    702    703      1
   662    672    703    673      1
   663    702    732    733      1
   664    702    733    703      1
   665    732    762    763      1
   666    732    763    733      1
   667    762    792    793      1
   668    762    793    763      1
   669    792    822    823      1
   670    792    823    793      1
   671    822    852    853      1
   672    822    853    823      1
   673     13     43     44      1
   674     13     44     14      1
   675     43     73     74      1
   676     43     74     44      1
   677     73    103    104      1
   678     73    104     74      1
   679    103    133    134      1
   680    103    134    104      1
   681    133    163    164      1
   682    133    164    134      1
   683    163    193    194      1
   684    163    194    164      1
   685    193    223    224      1
   686    193    224    194      1
   687    223    253    254      1
   688    223    254    224      1
   689    253    283    284      1
   690    253    284    254      1
   691    283    313    314      1
   692    283    314    284      1
   693    313    343    344      1
   694    313    344    314      1
   695    343    373    374      1
   696    343    374    344      1
   697    373    403    404      1
   698    373    404    374      1
   699    403    433    434      1
   700    403    434    404      1
   701    433    463    464      1
   702    433    464    434      1
   703    463    493    494      1
   704    463    494    464      1
   705    493    523    524      1
   706    493    524    494      1
   707    523    553    554      1
   708    523    554    524      1
   709    553    583    584      1
   710    553    584    554      1
   711    583    613    614      1
   712    583    614    584      1
   713    613    643    644      1
   714    613    644    614      1
   715    643    673    674      1
   716    643    674    644      1
   717    673    703    704      1
   718    673    704    674      1
   719    703    733    734      1
   720    703    734    704      1
   721    733    763    764      1
   722    733    764    734      1
   723    763    793    794      1
   724    763    794    764      1
   725    793    823    824      1
   726    793    824    794      1
   727    823    853    854      1
   728    823    854    824      1
   729     14     44     45      1
   730     14     45     15      1
   731     44     74     75      1
   732     44     75     45      1
   733     74    104    105      1
   734     74    105     75      1
   735    104    134    135      1
   736    104    135    105      1
   737    134    164    165      1
   738    134    165    135      1
   739    164    194    195      1
   740    164    195    165      1
   741    194    224    225      1
   742    194    225    195      1
   743    224    254    255      1
   744    224    255    225      1
   745    254    284    285      1
   746    254    285    255      1
   747    284    314    315      1
   748    284    315    285      1
   749    314    344    345      1
   750    314    345    315      1
   751    344    374    375      1
   752    344    375    345      1
   753    374    404    405      1
   754    374    405    375      1
   755    404    434    435      1
   756    404    435    405      1
   757    434    464    465      1
   758    434    465    435      1
   759    464    494    495      1
   760    464    495    465      1
   761    494    524    525      1
   762    494    525    495      1
   763    524    554    555      1
   764    524    555    525      1
   765    554    584    585      1
   766    554    585    555      1
   767    584    614    615      1
   768    584    615    585      1
   769    614    644    645      1
   770    614    645    615      1
   771    644    674    675      1
   772    644    675    645      1
   773    674    704    705      1
   774    674    705    675      1
   775    704    734    735      1
   776    704    735    705      1
   777    734    764    765      1
   778    734    765    735      1
   779    764    794    795      1
   780    764    795    765      1
   781    794    824    825      1
   782    794    825    795      1
   783    824    854    855      1
   784    824    855    825      1
   785     15     45     46      1
   786     15     46     16      1
   787     45     75     76      1
   788     45     76     46      1
   789     75    105    106      1
   790     75    106     76      1
   791    105    135    136      1
   792    105    136    106      1
   793    135    165    166      1
   794    135    166    136      1
   795    165    195    196      1
   796    165    196    166      1
   797    195    225    226      1
   798    195    226    196      1
   799    225    255    256      1
   800    225    256    226      1
   801    255    285    286      1
   802    255    286    256      1
   803    285    315    316      1
   804    285    316    286      1
   805    315    345    346      1
   806    315    346    316      1
   807    345    375    376      1
   808    345    376    346      1
   809    375    405    406      1
   810    375    406    376      1
   811    405    435    436      1
   812    405    436    406      1
   813    435    465    466      1
   814    435    466    436      1
   815    465    495    496      1
   816    465    496    466      1
   817    495    525    526      1
   818    495    526    496      1
   819    525    555    556      1
   820    525    556    526      1
   821    555    585    586      1
   822    555    586    556      1
   823    585    615    616      1
   824    585    616    586      1
   825    615    645    646      1
   826    615    646    616      1
   827    645    675    676      1
   828    645    676    646      1
   829    675    705    706      1
   830    675    706    676      1
   831    705    735    736      1
   832    705    736    706      1
   833    735    765    766      1
   834    735    766    736      1
   835    765    795    796      1
   836    765    796    766      1
   837    795    825    826      1
   838    795    826    796      1
   839    825    855    856      1
   840    825    856    826      1
   841     16     46     47      1
   842     16     47     17      1
   843     46     76     77      1
   844     46     77     47      1
   845     76    106    107      1
   846     76    107     77      1
   847    106    136    137      1
   848    106    137    107      1
   849    136    166    167      1
   850    136    167    137      1
   851    166    196    197      1
   852    166    197    167      1
   853    196    226    227      1
   854    196    227    197      1
   855    226    256    257      1
   856    226    257    227      1
   857    256    286    287      1
   858    256    287    257      1
   859    286    316    317      1
   860    286    317    287      1
   861    316    346    347      1
   862    316    347    317      1
   863    346    376    377      1
   864    346    377    347      1
   865    376    406    407      1
   866    376    407    377      1
   867    406    436    437      1
   868    406    437    407      1
   869    436    466    467      1
   870    436    467    437      1
   871    466    496    497      1
   872    466    497    467      1
   873    496    526    527      1
   874    496    527    497      1
   875    526    556    557      1
   876    526    557    527      1
   877    556    586    587      1
   878    556    587    557      1
   879    586    616    617      1
   880    586    617    587      1
   881    616    646    647      1
   882    616    647    617      1
   883    646    676    677      1
   884    646    677    647      1
   885    676    706    707      1
   886    676    707    677      1
   887    706    736    737      1
   888    706    737    707      1
   889    736    766    767      1
   890    736    767    737      1
   891    766    796    797      1
   892    766    797    767      1
   893    796    826    827      1
   894    796    827    797      1
   895    826    856    857      1
   896    826    857    827      1
   897     17     47     48      1
   898     17     48     18      1
   899     47     77     78      1
   900     47     78     48      1
   901     77    107    108      1
   902     77    108     78      1
   903    107    137    138      1
   904    107    138    108      1
   905    137    167    168      1
   906    137    168    138      1
   907    167    197    198      1
   908    167    198    168      1
   909    197    227    228      1
   910    197    228    198      1
   911    227    257    258      1
   912    227    258    228      1
   913    257    287    288      1
   914    257    288    258      1
   915    287    317    318      1
   916    287    318    288      1
   917    317    347    348      1
   918    317    348    318      1
   919    347    377    378      1
   920    347    378    348      1
   921    377    407    408      1
   922    377    408    378      1
   923    407    437    438      1
   924    407    438    408      1
   925    437    467    468      1
   926    437    468    438      1
   927    467    497    498      1
   928    467    498    468      1
   929    497    527    528      1
   930    497    528    498      1
   931    527    557    558      1
   932    527    558    528      1
   933    557    587    588      1
   934    557    588    558      1
   935    587    617    618      1
   936    587    618    588      1
   937    617    647    648      1
   938    617    648    618      1
   939    647    677    678      1
   940    647    678    648      1
   941    677    707    708      1
   942    677    708    678      1
   943    707    737    738      1
   944    707    738    708      1
   945    737    767    768      1
   946    737    768    738      1
   947    767    797    798      1
   948    767    798    768      1
   949    797    827    828      1
   950    797    828    798      1
   951    827    857    858      1
   952    827    858    828      1
   953     18     48     49      1
   954     18     49     19      1
   955     48     78     79      1
   956     48     79     49      1
   957     78    108    109      1
   958     78    109     79      1
   959    108    138    139      1
   960    108    139    109      1
   961    138    168    169      1
   962    138    169    139      1
   963    168    198    199      1
   964    168    199    169      1
   965    198    228    229      1
   966    198    229    199      1
   967    228    258    259      1
   968    228    259    229      1
   969    258    288    289      1
   970    258    289    259      1
   971    288    318    319      1
   972    288    319    289      1
   973    318    348    349      1
   974    318    349    319      1
   975    348    378    379      1
   976    348    379    349      1
   977    378    408    409      1
   978    378    409    379      1
   979    408    438    439      1
   980    408    439    409      1
   981    438    468    469      1
   982    438    469    439      1
   983    468    498    499      1
   984    468    499    469      1
   985    498    528    529      1
   986    498    529    499      1
   987    528    558    559      1
   988    528    559    529      1
   989    558    588    589      1
   990    558    589    559      1
   991    588    618    619      1
   992    588    619    589      1
   993    618    648    649      1
   994    618    649    619      1
   995    648    678    679      1
   996    648    679    649      1
   997    678    708    709      1
   998    678    709    679      1
   999    708    738    739      1
  1000    708    739    709      1
  1001    738    768    769      1
  1002    738    769    739      1
  1003    768    798    799      1
  1004    768    799    769      1
  1005    798    828    829      1
  1006    798    829    799      1
  1007    828    858    859      1
  1008    828    859    829      1
  1009     19     49     50      1
  1010     19     50     20      1
  1011     49     79     80      1
  1012     49     80     50      1
  1013     79    109    110      1
  1014     79    110     80      1
  1015    109    139    140      1
  1016    109    140    110      1
  1017    139    169    170      1
  1018    139    170    140      1
  1019    169    199    200      1
  1020    169    200    170      1
  1021    199    229    230      1
  1022    199    230    200      1
  1023    229    259    260      1
  1024    229    260    230      1
  1025    259    289    290      1
  1026    259    290    260      1
  1027    289    319    320      1
  1028    289    320    290      1
  1029    319    349    350      1
  1030    319    350    320      1
  1031    349    379    380      1
  1032    349    380    350      1
  1033    379    409    410      1
  1034    379    410    380      1
  1035    409    439    440      1
  1036    409    440    410      1
  1037    439    469    470      1
  1038    439    470    440      1
  1039    469    499    500      1
  1040    469    500    470      1
  1041    499    529    530      1
  1042    499    530    500      1
  1043    529    559    560      1
  1044    529    560    530      1
  1045    559    589    590      1
  1046    559    590    560      1
  1047    589    619    620      1
  1048    589    620    590      1
  1049    619    649    650      1
  1050    619    650    620      1
  1051    649    679    680      1
  1052    649    680    650      1
  1053    679    709    710      1
  1054    679    710    680      1
  1055    709    739    740      1
  1056    709    740    710      1
  1057    739    769    770      1
  1058    739    770    740      1
  1059    769    799    800      1
  1060    769    800    770      1
  1061    799    829    830      1
  1062    799    830    800      1
  1063    829    859    860      1
  1064    829    860    830      1
  1065     20     50     51      1
  1066     20     51     21      1
  1067     50     80     81      1
  1068     50     81     51      1
  1069     80    110    111      1
  1070     80    111     81      1
  1071    110    140    141      1
  1072    110    141    111      1
  1073    140    170    171      1
  1074    140    171    141      1
  1075    170    200    201      1
  1076    170    201    171      1
  1077    200    230    231      1
  1078    200    231    201      1
  1079    230    260    261      1
  1080    230    261    231      1
  1081    260    290    291      1
  1082    260    291    261      1
  1083    290    320    321      1
  1084    290    321    291      1
  1085    320    350    351      1
  1086    320    351    321      1
  1087    350    380    381      1
  1088    350    381    351      1
  1089    380    410    411      1
  1090    380    411    381      1
  1091    410    440    441      1
  1092    410    441    411      1
  1093    440    470    471      1
  1094    440    471    441      1
  1095    470    500    501      1
  1096    470    501    471      1
  1097    500    530    531      1
  1098    500    531    501      1
  1099    530    560    561      1
  1100    530    561    531      1
  1101    560    590    591      1
  1102    560    591    561      1
  1103    590    620    621      1
  1104    590    621    591      1
  1105    620    650    651      1
  1106    620    651    621      1
  1107    650    680    681      1
  1108    650    681    651      1
  1109    680    710    711      1
  1110    680    711    681      1
  1111    710    740    741      1
  1112    710    741    711      1
  1113    740    770    771      1
  1114    740    771    741      1
  1115    770    800    801      1
  1116    770    801    771      1
  1117    800    830    831      1
  1118    800    831    801      1
  1119    830    860    861      1
  1120    830    861    831      1
  1121     21     51     52      1
  1122     21     52     22      1
  1123     51     81     82      1
  1124     51     82     52      1
  1125     81    111    112      1
  1126     81    112     82      1
  1127    111    141    142      1
  1128    111    142    112      1
  1129    141    171    172      1
  1130    141    172    142      1
  1131    171    201    202      1
  1132    171    202    172      1
  1133    201    231    232      1
  1134    201    232    202      1
  1135    231    261    262      1
  1136    231    262    232      1
  1137    261    291    292      1
  1138    261    292    262      1
  1139    291    321    322      1
  1140    291    322    292      1
  1141    321    351    352      1
  1142    321    352    322      1
  1143    351    381    382      1
  1144    351    382    352      1
  1145    381    411    412      1
  1146    381    412    382      1
  1147    411    441    442      1
  1148    411    442    412      1
  1149    441    471    472      1
  1150    441    472    442      1
  1151    471    501    502      1
  1152    471    502    472      1
  1153    501    531    532      1
  1154    501    532    502      1
  1155    531    561    562      1
  1156    531    562    532      1
  1157    561    591    592      1
  1158    561    592    562      1
  1159    591    621    622      1
  1160    591    622    592      1
  1161    621    651    652      1
  1162    621    652    622      1
  1163    651    681    682      1
  1164    651    682    652      1
  1165    681    711    712      1
  1166    681    712    682      1
  1167    711    741    742      1
  1168    711    742    712      1
  1169    741    771    772      1
  1170    741    772    742      1
  1171    771    801    802      1
  1172    771    802    772      1
  1173    801    831    832      1
  1174    801    832    802      1
  1175    831    861    862      1
  1176    831    862    832      1
  1177     22     52     53      1
  1178     22     53     23      1
  1179     52     82     83      1
  1180     52     83     53      1
  1181     82    112    113      1
  1182     82    113     83      1
  1183    112    142    143      1
  1184    112    143    113      1
  1185    142    172    173      1
  1186    142    173    143      1
  1187    172    202    203      1
  1188    172    203    173      1
  1189    202    232    233      1
  1190    202    233    203      1
  1191    232    262    263      1
  1192    232    263    233      1
  1193    262    292    293      1
  1194    262    293    263      1
  1195    292    322    323      1
  1196    292    323    293      1
  1197    322    352    353      1
  1198    322    353    323      1
  1199    352    382    383      1
  1200    352    383    353      1
  1201    382    412    413      1
  1202    382    413    383      1
  1203    412    442    443      1
  1204    412    443    413      1
  1205    442    472    473      1
  1206    442    473    443      1
  1207    472    502    503      1
  1208    472    503    473      1
  1209    502    532    533      1
  1210    502    533    503      1
  1211    532    562    563      1
  1212    532    563    533      1
  1213    562    592    593      1
  1214    562    593    563      1
  1215    592    622    623      1
  1216    592    623    593      1
  1217    622    652    653      1
  1218    622    653    623      1
  1219    652    682    683      1
  1220    652    683    653      1
  1221    682    712    713      1
  1222    682    713    683      1
  1223    712    742    743      1
  1224    712    743    713      1
  1225    742    772    773      1
  1226    742    773    743      1
  1227    772    802    803      1
  1228    772    803    773      1
  1229    802    832    833      1
  1230    802    833    803      1
  1231    832    862    863      1
  1232    832    863    833      1
  1233     23     53     54      1
  1234     23     54     24      1
  1235     53     83     84      1
  1236     53     84     54      1
  1237     83    113    114      1
  1238     83    114     84      1
  1239    113    143    144      1
  1240    113    144    114      1
  1241    143    173    174      1
  1242    143    174    144      1
  1243    173    203    204      1
  1244    173    204    174      1
  1245    203    233    234      1
  1246    203    234    204      1
  1247    233    263    264      1
  1248    233    264    234      1
  1249    263    293    294      1
  1250    263    294    264      1
  1251    293    323    324      1
  1252    293    324    294      1
  1253    323    353    354      1
  1254    323    354    324      1
  1255    353    383    384      1
  1256    353    384    354      1
  1257    383    413    414      1
  1258    383    414    384      1
  1259    413    443    444      1
  1260    413    444    414      1
  1261    443    473    474      1
  1262    443    474    444      1
  1263    473    503    504      1
  1264    473    504    474      1
  1265    503    533    534      1
  1266    503    534    504      1
  1267    533    563    564      1
  1268    533    564    534      1
  1269    563    593    594      1
  1270    563    594    564      1
  1271    593    623    624      1
  1272    593    624    594      1
  1273    623    653    654      1
  1274    623    654    624      1
  1275    653    683    684      1
  1276    653    684    654      1
  1277    683    713    714      1
  1278    683    714    684      1
  1279    713    743    744      1
  1280    713    744    714      1
  1281    743    773    774      1
  1282    743    774    744      1
  1283    773    803    804      1
  1284    773    804    774      1
  1285    803    833    834      1
  1286    803    834    804      1
  1287    833    863    864      1
  1288    833    864    834      1
  1289     24     54     55      1
  1290     24     55     25      1
  1291     54     84     85      1
  1292     54     85     55      1
  1293     84    114    115      1
  1294     84    115     85      1
  1295    114    144    145      1
  1296    114    145    115      1
  1297    144    174    175      1
  1298    144    175    145      1
  1299    174    204    205      1
  1300    174    205    175      1
  1301    204    234    235      1
  1302    204    235    205      1
  1303    234    264    265      1
  1304    234    265    235      1
  1305    264    294    295      1
  1306    264    295    265      1
  1307    294    324    325      1
  1308    294    325    295      1
  1309    324    354    355      1
  1310    324    355    325      1
  1311    354    384    385      1
  1312    354    385    355      1
  1313    384    414    415      1
  1314    384    415    385      1
  1315    414    444    445      1
  1316    414    445    415      1
  1317    444    474    475      1
  1318    444    475    445      1
  1319    474    504    505      1
  1320    474    505    475      1
  1321    504    534    535      1
  1322    504    535    505      1
  1323    534    564    565      1
  1324    534    565    535      1
  1325    564    594    595      1
  1326    564    595    565      1
  1327    594    624    625      1
  1328    594    625    595      1
  1329    624    654    655      1
  1330    624    655    625      1
  1331    654    684    685      1
  1332    654    685    655      1
  1333    684    714    715      1
  1334    684    715    685      1
  1335    714    744    745      1
  1336    714    745    715      1
  1337    744    774    775      1
  1338    744    775    745      1
  1339    774    804    805      1
  1340    774    805    775      1
  1341    804    834    835      1
  1342    804    835    805      1
  1343    834    864    865      1
  1344    834    865    835      1
  1345     25     55     56      1
  1346     25     56     26      1
  1347     55     85     86      1
  1348     55     86     56      1
  1349     85    115    116      1
  1350     85    116     86      1
  1351    115    145    146      1
  1352    115    146    116      1
  1353    145    175    176      1
  1354    145    176    146      1
  1355    175    205    206      1
  1356    175    206    176      1
  1357    205    235    236      1
  1358    205    236    206      1
  1359    235    265    266      1
  1360    235    266    236      1
  1361    265    295    296      1
  1362    265    296    266      1
  1363    295    325    326      1
  1364    295    326    296      1
  1365    325    355    356      1
  1366    325    356    326      1
  1367    355    385    386      1
  1368    355    386    356      1
  1369    385    415    416      1
  1370    385    416    386      1
  1371    415    445    446      1
  1372    415    446    416      1
  1373    445    475    476      1
  1374    445    476    446      1
  1375    475    505    506      1
  1376    475    506    476      1
  1377    505    535    536      1
  1378    505    536    506      1
  1379    535    565    566      1
  1380    535    566    536      1
  1381    565    595    596      1
  1382    565    596    566      1
  1383    595    625    626      1
  1384    595    626    596      1
  1385    625    655    656      1
  1386    625    656    626      1
  1387    655    685    686      1
  1388    655    686    656      1
  1389    685    715    716      1
  1390    685    716    686      1
  1391    715    745    746      1
  1392    715    746    716      1
  1393    745    775    776      1
  1394    745    776    746      1
  1395    775    805    806      1
  1396    775    806    776      1
  1397    805    835    836      1
  1398    805    836    806      1
  1399    835    865    866      1
  1400    835    866    836      1
  1401     26     56     57      1
  1402     26     57     27      1
  1403     56     86     87      1
  1404     56     87     57      1
  1405     86    116    117      1
  1406     86    117     87      1
  1407    116    146    147      1
  1408    116    147    117      1
  1409    146    176    177      1
  1410    146    177    147      1
  1411    176    206    207      1
  1412    176    207    177      1
  1413    206    236    237      1
  1414    206    237    207      1
  1415    236    266    267      1
  1416    236    267    237      1
  1417    266    296    297      1
  1418    266    297    267      1
  1419    296    326    327      1
  1420    296    327    297      1
  1421    326    356    357      1
  1422    326    357    327      1
  1423    356    386    387      1
  1424    356    387    357      1
  1425    386    416    417      1
  1426    386    417    387      1
  1427    416    446    447      1
  1428    416    447    417      1
  1429    446    476    477      1
  1430    446    477    447      1
  1431    476    506    507      1
  1432    476    507    477      1
  1433    506    536    537      1
  1434    506    537    507      1
  1435    536    566    567      1
  1436    536    567    537      1
  1437    566    596    597      1
  1438    566    597    567      1
  1439    596    626    627      1
  1440    596    627    597      1
  1441    626    656    657      1
  1442    626    657    627      1
  1443    656    686    687      1
  1444    656    687    657      1
  1445    686    716    717      1
  1446    686    717    687      1
  1447    716    746    747      1
  1448    716    747    717      1
  1449    746    776    777      1
  1450    746    777    747      1
  1451    776    806    807      1
  1452    776    807    777      1
  1453    806    836    837      1
  1454    806    837    807      1
  1455    836    866    867      1
  1456    836    867    837      1
  1457     27     57     58      1
  1458     27     58     28      1
  1459     57     87     88      1
  1460     57     88     58      1
  1461     87    117    118      1
  1462     87    118     88      1
  1463    117    147    148      1
  1464    117    148    118      1
  1465    147    177    178      1
  1466    147    178    148      1
  1467    177    207    208      1
  1468    177    208    178      1
  1469    207    237    238      1
  1470    207    238    208      1
  1471    237    267    268      1
  1472    237    268    238      1
  1473    267    297    298      1
  1474    267    298    268      1
  1475    297    327    328      1
  1476    297    328    298      1
  1477    327    357    358      1
  1478    327    358    328      1
  1479    357    387    388      1
  1480    357    388    358      1
  1481    387    417    418      1
  1482    387    418    388      1
  1483    417    447    448      1
  1484    417    448    418      1
  1485    447    477    478      1
  1486    447    478    448      1
  1487    477    507    508      1
  1488    477    508    478      1
  1489    507    537    538      1
  1490    507    538    508      1
  1491    537    567    568      1
  1492    537    568    538      1
  1493    567    597    598      1
  1494    567    598    568      1
  1495    597    627    628      1
  1496    597    628    598      1
  1497    627    657    658      1
  1498    627    658    628      1
  1499    657    687    688      1
  1500    657    688    658      1
  1501    687    717    718      1
  1502    687    718    688      1
  1503    717    747    748      1
  1504    717    748    718      1
  1505    747    777    778      1
  1506    747    778    748      1
  1507    777    807    808      1
  1508    777    808    778      1
  1509    807    837    838      1
  1510    807    838    808      1
  1511    837    867    868      1
  1512    837    868    838      1
  1513     28     58     59      1
  1514     28     59     29      1
  1515     58     88     89      1
  1516     58     89     59      1
  1517     88    118    119      1
  1518     88    119     89      1
  1519    118    148    149      1
  1520    118    149    119      1
  1521    148    178    179      1
  1522    148    179    149      1
  1523    178    208    209      1
  1524    178    209    179      1
  1525    208    238    239      1
  1526    208    239    209      1
  1527    238    268    269      1
  1528    238    269    239      1
  1529    268    298    299      1
  1530    268    299    269      1
  1531    298    328    329      1
  1532    298    329    299      1
  1533    328    358    359      1
  1534    328    359    329      1
  1535    358    388    389      1
  1536    358    389    359      1
  1537    388    418    419      1
  1538    388    419    389      1
  1539    418    448    449      1
  1540    418    449    419      1
  1541    448    478    479      1
  1542    448    479    449      1
  1543    478    508    509      1
  1544    478    509    479      1
  1545    508    538    539      1
  1546    508    539    509      1
  1547    538    568    569      1
  1548    538    569    539      1
  1549    568    598    599      1
  1550    568    599    569      1
  1551    598    628    629      1
  1552    598    629    599      1
  1553    628    658    659      1
  1554    628    659    629      1
  1555    658    688    689      1
  1556    658    689    659      1
  1557    688    718    719      1
  1558    688    719    689      1
  1559    718    748    749      1
  1560    718    749    719      1
  1561    748    778    779      1
  1562    748    779    749      1
  1563    778    808    809      1
  1564    778    809    779      1
  1565    808    838    839      1
  1566    808    839    809      1
  1567    838    868    869      1
  1568    838    869    839      1
  1569     29     59     60      1
  1570     29     60     30      1
  1571     59     89     90      1
  1572     59     90     60      1
  1573     89    119    120      1
  1574     89    120     90      1
  1575    119    149    150      1
  1576    119    150    120      1
  1577    149    179    180      1
  1578    149    180    150      1
  1579    179    209    210      1
  1580    179    210    180      1
  1581    209    239    240      1
  1582    209    240    210      1
  1583    239    269    270      1
  1584    239    270    240      1
  1585    269    299    300      1
  1586    269    300    270      1
  1587    299    329    330      1
  1588    299    330    300      1
  1589    329    359    360      1
  1590    329    360    330      1
  1591    359    389    390      1
  1592    359    390    360      1
  1593    389    419    420      1
  1594    389    420    390      1
  1595    419    449    450      1
  1596    419    450    420      1
  1597    449    479    480      1
  1598    449    480    450      1
  1599    479    509    510      1
  1600    479    510    480      1
  1601    509    539    540      1
  1602    509    540    510      1
  1603    539    569    570      1
  1604    539    570    540      1
  1605    569    599    600      1
  1606    569    600    570      1
  1607    599    629    630      1
  1608    599    630    600      1
  1609    629    659    660      1
  1610    629    660    630      1
  1611    659    689    690      1
  1612    659    690    660      1
  1613    689    719    720      1
  1614    689    720    690      1
  1615    719    749    750      1
  1616    719    750    720      1
  1617    749    779    780      1
  1618    749    780    750      1
  1619    779    809    810      1
  1620    779    810    780      1
  1621    809    839    840      1
  1622    809    840    810      1
  1623    839    869    870      1
  1624    839    870    840      1
     1     0.000000     0.000000   20.000
     2     0.000000  1000.000000   20.000
     3     0.000000  2000.000000   20.000
     4     0.000000  3000.000000   20.000
     5     0.000000  4000.000000   20.000
     6     0.000000  5000.000000   20.000
     7     0.000000  6000.000000   20.000
     8     0.000000  7000.000000   20.000
     9     0.000000  8000.000000   20.000
    10     0.000000  9000.000000   20.000
    11     0.000000 10000.000000   20.000
    12     0.000000 11000.000000   20.000
    13     0.000000 12000.000000   20.000
    14     0.000000 13000.000000   20.000
    15     0.000000 14000.000000   20.000
    16     0.000000 15000.000000   20.000
    17     0.000000 16000.000000   20.000
    18     0.000000 17000.000000   20.000
    19     0.000000 18000.000000   20.000
    20     0.000000 19000.000000   20.000
    21     0.000000 20000.000000   20.000
    22     0.000000 21000.000000   20.000
    23     0.000000 22000.000000   20.000
    24     0.000000 23000.000000   20.000
    25     0.000000 24000.000000   20.000
    26     0.000000 25000.000000   20.000
    27     0.000000 26000.000000   20.000
    28     0.000000 27000.000000   20.000
    29     0.000000 28000.000000   20.000
    30     0.000000 29000.000000   20.000
    31  1000.000000     0.000000   20.000
    32  1000.000000  1000.000000   20.000
    33  1000.000000  2000.000000   20.000
    34  1000.000000  3000.000000   20.000
    35  1000.000000  4000.000000   20.000
    36  1000.000000  5000.000000   20.000
    37  1000.000000  6000.000000   20.000
    38  1000.000000  7000.000000   20.000
    39  1000.000000  8000.000000   20.000
    40  1000.000000  9000.000000   20.000
    41  1000.000000 10000.000000   20.000
    42  1000.000000 11000.000000   20.000
    43  1000.000000 12000.000000   20.000
    44  1000.000000 13000.000000   20.000
    45  1000.000000 14000.000000   20.000
    46  1000.000000 15000.000000   20.000
    47  1000.000000 16000.000000   20.000
    48  1000.000000 17000.000000   20.000
    49  1000.000000 18000.000000   20.000
    50  1000.000000 19000.000000   20.000
    51  1000.000000 20000.000000   20.000
    52  1000.000000 21000.000000   20.000
    53  1000.000000 22000.000000   20.000
    54  1000.000000 23000.000000   20.000
    55  1000.000000 24000.000000   20.000
    56  1000.000000 25000.000000   20.000
    57  1000.000000 26000.000000   20.000
    58  1000.000000 27000.000000   20.000
    59  1000.000000 28000.000000   20.000
    60  1000.000000 29000.000000   20.000
    61  2000.000000     0.000000   20.000
    62  2000.000000  1000.000000   20.000
    63  2000.000000  2000.000000   20.000
    64  2000.000000  3000.000000   20.000
    65  2000.000000  4000.000000   20.000
    66  2000.000000  5000.000000   20.000
    67  2000.000000  6000.000000   20.000
    68  2000.000000  7000.000000   20.000
    69  2000.000000  8000.000000   20.000
    70  2000.000000  9000.000000   20.000
    71  2000.000000 10000.000000   20.000
    72  2000.000000 11000.000000   20.000
    73  2000.000000 12000.000000   20.000
    74  2000.000000 13000.000000   20.000
    75  2000.000000 14000.000000   20.000
    76  2000.000000 15000.000000   20.000
    77  2000.000000 16000.000000   20.000
    78  2000.000000 17000.000000   20.000
    79  2000.000000 18000.000000   20.000
    80  2000.000000 19000.000000   20.000
    81  2000.000000 20000.000000   20.000
    82  2000.000000 21000.000000   20.000
    83  2000.000000 22000.000000   20.000
    84  2000.000000 23000.000000   20.000
    85  2000.000000 24000.000000   20.000
    86  2000.000000 25000.000000   20.000
    87  2000.000000 26000.000000   20.000
    88  2000.000000 27000.000000   20.000
    89  2000.000000 28000.000000   20.000
    90  2000.000000 29000.000000   20.000
    91  3000.000000     0.000000   20.000
    92  3000.000000  1000.000000   20.000
    93  3000.000000  2000.000000   20.000
    94  3000.000000  3000.000000   20.000
    95  3000.000000  4000.000000   20.000
    96  3000.000000  5000.000000   20.000
    97  3000.000000  6000.000000   20.000
    98  3000.000000  7000.000000   20.000
    99  3000.000000  8000.000000   20.000
   100  3000.000000  9000.000000   20.000
   101  3000.000000 10000.000000   20.000
   102  3000.000000 11000.000000   20.000
   103  3000.000000 12000.000000   20.000
   104  3000.000000 13000.000000   20.000
   105  3000.000000 14000.000000   20.000
   106  3000.000000 15000.000000   20.000
   107  3000.000000 16000.000000   20.000
   108  3000.000000 17000.000000   20.000
   109  3000.000000 18000.000000   20.000
   110  3000.000000 19000.000000   20.000
   111  3000.000000 20000.000000   20.000
   112  3000.000000 21000.000000   20.000
   113  3000.000000 22000.000000   20.000
   114  3000.000000 23000.000000   20.000
   115  3000.000000 24000.000000   20.000
   116  3000.000000 25000.000000   20.000
   117  3000.000000 26000.000000   20.000
   118  3000.000000 27000.000000   20.000
   119  3000.000000 28000.000000   20.000
   120  3000.000000 29000.000000   20.000
   121  4000.000000     0.000000   20.000
   122  4000.000000  1000.000000   20.000
   123  4000.000000  2000.000000   20.000
   124  4000.000000  3000.000000   20.000
   125  4000.000000  4000.000000   20.000
   126  4000.000000  5000.000000   20.000
   127  4000.000000  6000.000000   20.000
   128  4000.000000  7000.000000   20.000
   129  4000.000000  8000.000000   20.000
   130  4000.000000  9000.000000   20.000
   131  4000.000000 10000.000000   20.000
   132  4000.000000 11000.000000   20.000
   133  4000.000000 12000.000000   20.000
   134  4000.000000 13000.000000   20.000
   135  4000.000000 14000.000000   20.000
   136  4000.000000 15000.000000   20.000
   137  4000.000000 16000.000000   20.000
   138  4000.000000 17000.000000   20.000
   139  4000.000000 18000.000000   20.000
   140  4000.000000 19000.000000   20.000
   141  4000.000000 20000.000000   20.000
   142  4000.000000 21000.000000   20.000
   143  4000.000000 22000.000000   20.000
   144  4000.000000 23000.000000   20.000
   145  4000.000000 24000.000000   20.000
   146  4000.000000 25000.000000   20.000
   147  4000.000000 26000.000000   20.000
   148  4000.000000 27000.000000   20.000
   149  4000.000000 28000.000000   20.000
   150  4000.000000 29000.000000   20.000
   151  5000.000000     0.000000   20.000
   152  5000.000000  1000.000000   20.000
   153  5000.000000  2000.000000   20.000
   154  5000.000000  3000.000000   20.000
   155  5000.000000  4000.000000   20.000
   156  5000.000000  5000.000000   20.000
   157  5000.000000  6000.000000   20.000
   158  5000.000000  7000.000000   20.000
   159  5000.000000  8000.000000   20.000
   160  5000.000000  9000.000000   20.000
   161  5000.000000 10000.000000   20.000
   162  5000.000000 11000.000000   20.000
   163  5000.000000 12000.000000   20.000
   164  5000.000000 13000.000000   20.000
   165  5000.000000 14000.000000   20.000
   166  5000.000000 15000.000000   20.000
   167  5000.000000 16000.000000   20.000
   168  5000.000000 17000.000000   20.000
   169  5000.000000 18000.000000   20.000
   170  5000.000000 19000.000000   20.000
   171  5000.000000 20000.000000   20.000
   172  5000.000000 21000.000000   20.000
   173  5000.000000 22000.000000   20.000
   174  5000.000000 23000.000000   20.000
   175  5000.000000 24000.000000   20.000
   176  5000.000000 25000.000000   20.000
   177  5000.000000 26000.000000   20.000
   178  5000.000000 27000.000000   20.000
   179  5000.000000 28000.000000   20.000
   180  5000.000000 29000.000000   20.000
   181  6000.000000     0.000000   20.000
   182  6000.000000  1000.000000   20.000
   183  6000.000000  2000.000000   20.000
   184  6000.000000  3000.000000   20.000
   185  6000.000000  4000.000000   20.000
   186  6000.000000  5000.000000   20.000
   187  6000.000000  6000.000000   20.000
   188  6000.000000  7000.000000   20.000
   189  6000.000000  8000.000000   20.000
   190  6000.000000  9000.000000   20.000
   191  6000.000000 10000.000000   20.000
   192  6000.000000 11000.000000   20.000
   193  6000.000000 12000.000000   20.000
   194  6000.000000 13000.000000   20.000
   195  6000.000000 14000.000000   20.000
   196  6000.000000 15000.000000   20.000
   197  6000.000000 16000.000000   20.000
   198  6000.000000 17000.000000   20.000
   199  6000.000000 18000.000000   20.000
   200  6000.000000 19000.000000   20.000
   201  6000.000000 20000.000000   20.000
   202  6000.000000 21000.000000   20.000
   203  6000.000000 22000.000000   20.000
   204  6000.000000 23000.000000   20.000
   205  6000.000000 24000.000000   20.000
   206  6000.000000 25000.000000   20.000
   207  6000.000000 26000.000000   20.000
   208  6000.000000 27000.000000   20.000
   209  6000.000000 28000.000000   20.000
   210  6000.000000 29000.000000   20.000
   211  7000.000000     0.000000   20.000
   212  7000.000000  1000.000000   20.000
   213  7000.000000  2000.000000   20.000
   214  7000.000000  3000.000000   20.000
   215  7000.000000  4000.000000   20.000
   216  7000.000000  5000.000000   20.000
   217  7000.000000  6000.000000   20.000
   218  7000.000000  7000.000000   20.000
   219  7000.000000  8000.000000   20.000
   220  7000.000000  9000.000000   20.000
   221  7000.000000 10000.000000   20.000
   222  7000.000000 11000.000000   20.000
   223  7000.000000 12000.000000   20.000
   224  7000.000000 13000.000000   20.000
   225  7000.000000 14000.000000   20.000
   226  7000.000000 15000.000000   20.000
   227  7000.000000 16000.000000   20.000
   228  7000.000000 17000.000000   20.000
   229  7000.000000 18000.000000   20.000
   230  7000.000000 19000.000000   20.000
   231  7000.000000 20000.000000   20.000
   232  7000.000000 21000.000000   20.000
   233  7000.000000 22000.000000   20.000
   234  7000.000000 23000.000000   20.000
   235  7000.000000 24000.000000   20.000
   236  7000.000000 25000.000000   20.000
   237  7000.000000 26000.000000   20.000
   238  7000.000000 27000.000000   20.000
   239  7000.000000 28000.000000   20.000
   240  7000.000000 29000.000000   20.000
   241  8000.000000     0.000000   20.000
   242  8000.000000  1000.000000   20.000
   243  8000.000000  2000.000000   20.000
   244  8000.000000  3000.000000   20.000
   245  8000.000000  4000.000000   20.000
   246  8000.000000  5000.000000   20.000
   247  8000.000000  6000.000000   20.000
   248  8000.000000  7000.000000   20.000
   249  8000.000000  8000.000000   20.000
   250  8000.000000  9000.000000   20.000
   251  8000.000000 10000.000000   20.000
   252  8000.000000 11000.000000   20.000
   253  8000.000000 12000.000000   20.000
   254  8000.000000 13000.000000   20.000
   255  8000.000000 14000.000000   20.000
   256  8000.000000 15000.000000   20.000
   257  8000.000000 16000.000000   20.000
   258  8000.000000 17000.000000   20.000
   259  8000.000000 18000.000000   20.000
   260  8000.000000 19000.000000   20.000
   261  8000.000000 20000.000000   20.000
   262  8000.000000 21000.000000   20.000
   263  8000.000000 22000.000000   20.000
   264  8000.000000 23000.000000   20.000
   265  8000.000000 24000.000000   20.000
   266  8000.000000 25000.000000   20.000
   267  8000.000000 26000.000000   20.000
   268  8000.000000 27000.000000   20.000
   269  8000.000000 28000.000000   20.000
   270  8000.000000 29000.000000   20.000
   271  9000.000000     0.000000   20.000
   272  9000.000000  1000.000000   20.000
   273  9000.000000  2000.000000   20.000
   274  9000.000000  3000.000000   20.000
   275  9000.000000  4000.000000   20.000
   276  9000.000000  5000.000000   20.000
   277  9000.000000  6000.000000   20.000
   278  9000.000000  7000.000000   20.000
   279  9000.000000  8000.000000   20.000
   280  9000.000000  9000.000000   20.000
   281  9000.000000 10000.000000   20.000
   282  9000.000000 11000.000000   20.000
   283  9000.000000 12000.000000   20.000
   284  9000.000000 13000.000000   20.000
   285  9000.000000 14000.000000   20.000
   286  9000.000000 15000.000000   20.000
   287  9000.000000 16000.000000   20.000
   288  9000.000000 17000.000000   20.000
   289  9000.000000 18000.000000   20.000
   290  9000.000000 19000.000000   20.000
   291  9000.000000 20000.000000   20.000
   292  9000.000000 21000.000000   20.000
   293  9000.000000 22000.000000   20.000
   294  9000.000000 23000.000000   20.000
   295  9000.000000 24000.000000   20.000
   296  9000.000000 25000.000000   20.000
   297  9000.000000 26000.000000   20.000
   298  9000.000000 27000.000000   20.000
   299  9000.000000 28000.000000   20.000
   300  9000.000000 29000.000000   20.000
   301 10000.000000     0.000000   20.000
   302 10000.000000  1000.000000   20.000
   303 10000.000000  2000.000000   20.000
   304 10000.000000  3000.000000   20.000
   305 10000.000000  4000.000000   20.000
   306 10000.000000  5000.000000   20.000
   307 10000.000000  6000.000000   20.000
   308 10000.000000  7000.000000   20.000
   309 10000.000000  8000.000000   20.000
   310 10000.000000  9000.000000   20.000
   311 10000.000000 10000.000000   20.000
   312 10000.000000 11000.000000   20.000
   313 10000.000000 12000.000000   20.000
   314 10000.000000 13000.000000   20.000
   315 10000.000000 14000.000000   20.000
   316 10000.000000 15000.000000   20.000
   317 10000.000000 16000.000000   20.000
   318 10000.000000 17000.000000   20.000
   319 10000.000000 18000.000000   20.000
   320 10000.000000 19000.000000   20.000
   321 10000.000000 20000.000000   20.000
   322 10000.000000 21000.000000   20.000
   323 10000.000000 22000.000000   20.000
   324 10000.000000 23000.000000   20.000
   325 10000.000000 24000.000000   20.000
   326 10000.000000 25000.000000   20.000
   327 10000.000000 26000.000000   20.000
   328 10000.000000 27000.000000   20.000
   329 10000.000000 28000.000000   20.000
   330 10000.000000 29000.000000   20.000
   331 11000.000000     0.000000   20.000
   332 11000.000000  1000.000000   20.000
   333 11000.000000  2000.000000   20.000
   334 11000.000000  3000.000000   20.000
   335 11000.000000  4000.000000   20.000
   336 11000.000000  5000.000000   20.000
   337 11000.000000  6000.000000   20.000
   338 11000.000000  7000.000000   20.000
   339 11000.000000  8000.000000   20.000
   340 11000.000000  9000.000000   20.000
   341 11000.000000 10000.000000   20.000
   342 11000.000000 11000.000000   20.000
   343 11000.000000 12000.000000   20.000
   344 11000.000000 13000.000000   20.000
   345 11000.000000 14000.000000   20.000
   346 11000.000000 15000.000000   20.000
   347 11000.000000 16000.000000   20.000
   348 11000.000000 17000.000000   20.000
   349 11000.000000 18000.000000   20.000
   350 11000.000000 19000.000000   20.000
   351 11000.000000 20000.000000   20.000
   352 11000.000000 21000.000000   20.000
   353 11000.000000 22000.000000   20.000
   354 11000.000000 23000.000000   20.000
   355 11000.000000 24000.000000   20.000
   356 11000.000000 25000.000000   20.000
   357 11000.000000 26000.000000   20.000
   358 11000.000000 27000.000000   20.000
   359 11000.000000 28000.000000   20.000
   360 11000.000000 29000.000000   20.000
   361 12000.000000     0.000000   20.000
   362 12000.000000  1000.000000   20.000
   363 12000.000000  2000.000000   20.000
   364 12000.000000  3000.000000   20.000
   365 12000.000000  4000.000000   20.000
   366 12000.000000  5000.000000   20.000
   367 12000.000000  6000.000000   20.000
   368 12000.000000  7000.000000   20.000
   369 12000.000000  8000.000000   20.000
   370 12000.000000  9000.000000   20.000
   371 12000.000000 10000.000000   20.000
   372 12000.000000 11000.000000   20.000
   373 12000.000000 12000.000000   20.000
   374 12000.000000 13000.000000   20.000
   375 12000.000000 14000.000000   20.000
   376 12000.000000 15000.000000   20.000
   377 12000.000000 16000.000000   20.000
   378 12000.000000 17000.000000   20.000
   379 12000.000000 18000.000000   20.000
   380 12000.000000 19000.000000   20.000
   381 12000.000000 20000.000000   20.000
   382 12000.000000 21000.000000   20.000
   383 12000.000000 22000.000000   20.000
   384 12000.000000 23000.000000   20.000
   385 12000.000000 24000.000000   20.000
   386 12000.000000 25000.000000   20.000
   387 12000.000000 26000.000000   20.000
   388 12000.000000 27000.000000   20.000
   389 12000.000000 28000.000000   20.000
   390 12000.000000 29000.000000   20.000
   391 13000.000000     0.000000   20.000
   392 13000.000000  1000.000000   20.000
   393 13000.000000  2000.000000   20.000
   394 13000.000000  3000.000000   20.000
   395 13000.000000  4000.000000   20.000
   396 13000.000000  5000.000000   20.000
   397 13000.000000  6000.000000   20.000
   398 13000.000000  7000.000000   20.000
   399 13000.000000  8000.000000   20.000
   400 13000.000000  9000.000000   20.000
   401 13000.000000 10000.000000   20.000
   402 13000.000000 11000.000000   20.000
   403 13000.000000 12000.000000   20.000
   404 13000.000000 13000.000000   20.000
   405 13000.000000 14000.000000   20.000
   406 13000.000000 15000.000000   20.000
   407 13000.000000 16000.000000   20.000
   408 13000.000000 17000.000000   20.000
   409 13000.000000 18000.000000   20.000
   410 13000.000000 19000.000000   20.000
   411 13000.000000 20000.000000   20.000
   412 13000.000000 21000.000000   20.000
   413 13000.000000 22000.000000   20.000
   414 13000.000000 23000.000000   20.000
   415 13000.000000 24000.000000   20.000
   416 13000.000000 25000.000000   20.000
   417 13000.000000 26000.000000   20.000
   418 13000.000000 27000.000000   20.000
   419 13000.000000 28000.000000   20.000
   420 13000.000000 29000.000000   20.000
   421 14000.000000     0.000000   20.000
   422 14000.000000  1000.000000   20.000
   423 14000.000000  2000.000000   20.000
   424 14000.000000  3000.000000   20.000
   425 14000.000000  4000.000000   20.000
   426 14000.000000  5000.000000   20.000
   427 14000.000000  6000.000000   20.000
   428 14000.000000  7000.000000   20.000
   429 14000.000000  8000.000000   20.000
   430 14000.000000  9000.000000   20.000
   431 14000.000000 10000.000000   20.000
   432 14000.000000 11000.000000   20.000
   433 14000.000000 12000.000000   20.000
   434 14000.000000 13000.000000   20.000
   435 14000.000000 14000.000000   20.000
   436 14000.000000 15000.000000   20.000
   437 14000.000000 16000.000000   20.000
   438 14000.000000 17000.000000   20.000
   439 14000.000000 18000.000000   20.000
   440 14000.000000 19000.000000   20.000
   441 14000.000000 20000.000000   20.000
   442 14000.000000 21000.000000   20.000
   443 14000.000000 22000.000000   20.000
   444 14000.000000 23000.000000   20.000
   445 14000.000000 24000.000000   20.000
   446 14000.000000 25000.000000   20.000
   447 14000.000000 26000.000000   20.000
   448 14000.000000 27000.000000   20.000
   449 14000.000000 28000.000000   20.000
   450 14000.000000 29000.000000   20.000
   451 15000.000000     0.000000   20.000
   452 15000.000000  1000.000000   20.000
   453 15000.000000  2000.000000   20.000
   454 15000.000000  3000.000000   20.000
   455 15000.000000  4000.000000   20.000
   456 15000.000000  5000.000000   20.000
   457 15000.000000  6000.000000   20.000
   458 15000.000000  7000.000000   20.000
   459 15000.000000  8000.000000   20.000
   460 15000.000000  9000.000000   20.000
   461 15000.000000 10000.000000   20.000
   462 15000.000000 11000.000000   20.000
   463 15000.000000 12000.000000   20.000
   464 15000.000000 13000.000000   20.000
   465 15000.000000 14000.000000   20.000
   466 15000.000000 15000.000000   20.000
   467 15000.000000 16000.000000   20.000
   468 15000.000000 17000.000000   20.000
   469 15000.000000 18000.000000   20.000
   470 15000.000000 19000.000000   20.000
   471 15000.000000 20000.000000   20.000
   472 15000.000000 21000.000000   20.000
   473 15000.000000 22000.000000   20.000
   474 15000.000000 23000.000000   20.000
   475 15000.000000 24000.000000   20.000
   476 15000.000000 25000.000000   20.000
   477 15000.000000 26000.000000   20.000
   478 15000.000000 27000.000000   20.000
   479 15000.000000 28000.000000   20.000
   480 15000.000000 29000.000000   20.000
   481 16000.000000     0.000000   20.000
   482 16000.000000  1000.000000   20.000
   483 16000.000000  2000.000000   20.000
   484 16000.000000  3000.000000   20.000
   485 16000.000000  4000.000000   20.000
   486 16000.000000  5000.000000   20.000
   487 16000.000000  6000.000000   20.000
   488 16000.000000  7000.000000   20.000
   489 16000.000000  8000.000000   20.000
   490 16000.000000  9000.000000   20.000
   491 16000.000000 10000.000000   20.000
   492 16000.000000 11000.000000   20.000
   493 16000.000000 12000.000000   20.000
   494 16000.000000 13000.000000   20.000
   495 16000.000000 14000.000000   20.000
   496 16000.000000 15000.000000   20.000
   497 16000.000000 16000.000000   20.000
   498 16000.000000 17000.000000   20.000
   499 16000.000000 18000.000000   20.000
   500 16000.000000 19000.000000   20.000
   501 16000.000000 20000.000000   20.000
   502 16000.000000 21000.000000   20.000
   503 16000.000000 22000.000000   20.000
   504 16000.000000 23000.000000   20.000
   505 16000.000000 24000.000000   20.000
   506 16000.000000 25000.000000   20.000
   507 16000.000000 26000.000000   20.000
   508 16000.000000 27000.000000   20.000
   509 16000.000000 28000.000000   20.000
   510 16000.000000 29000.000000   20.000
   511 17000.000000     0.000000   20.000
   512 17000.000000  1000.000000   20.000
   513 17000.000000  2000.000000   20.000
   514 17000.000000  3000.000000   20.000
   515 17000.000000  4000.000000   20.000
   516 17000.000000  5000.000000   20.000
   517 17000.000000  6000.000000   20.000
   518 17000.000000  7000.000000   20.000
   519 17000.000000  8000.000000   20.000
   520 17000.000000  9000.000000   20.000
   521 17000.000000 10000.000000   20.000
   522 17000.000000 11000.000000   20.000
   523 17000.000000 12000.000000   20.000
   524 17000.000000 13000.000000   20.000
   525 17000.000000 14000.000000   20.000
   526 17000.000000 15000.000000   20.000
   527 17000.000000 16000.000000   20.000
   528 17000.000000 17000.000000   20.000
   529 17000.000000 18000.000000   20.000
   530 17000.000000 19000.000000   20.000
   531 17000.000000 20000.000000   20.000
   532 17000.000000 21000.000000   20.000
   533 17000.000000 22000.000000   20.000
   534 17000.000000 23000.000000   20.000
   535 17000.000000 24000.000000   20.000
   536 17000.000000 25000.000000   20.000
   537 17000.000000 26000.000000   20.000
   538 17000.000000 27000.000000   20.000
   539 17000.000000 28000.000000   20.000
   540 17000.000000 29000.000000   20.000
   541 18000.000000     0.000000   20.000
   542 18000.000000  1000.000000   20.000
   543 18000.000000  2000.000000   20.000
   544 18000.000000  3000.000000   20.000
   545 18000.000000  4000.000000   20.000
   546 18000.000000  5000.000000   20.000
   547 18000.000000  6000.000000   20.000
   548 18000.000000  7000.000000   20.000
   549 18000.000000  8000.000000   20.000
   550 18000.000000  9000.000000   20.000
   551 18000.000000 10000.000000   20.000
   552 18000.000000 11000.000000   20.000
   553 18000.000000 12000.000000   20.000
   554 18000.000000 13000.000000   20.000
   555 18000.000000 14000.000000   20.000
   556 18000.000000 15000.000000   20.000
   557 18000.000000 16000.000000   20.000
   558 18000.000000 17000.000000   20.000
   559 18000.000000 18000.000000   20.000
   560 18000.000000 19000.000000   20.000
   561 18000.000000 20000.000000   20.000
   562 18000.000000 21000.000000   20.000
   563 18000.000000 22000.000000   20.000
   564 18000.000000 23000.000000   20.000
   565 18000.000000 24000.000000   20.000
   566 18000.000000 25000.000000   20.000
   567 18000.000000 26000.000000   20.000
   568 18000.000000 27000.000000   20.000
   569 18000.000000 28000.000000   20.000
   570 18000.000000 29000.000000   20.000
   571 19000.000000     0.000000   20.000
   572 19000.000000  1000.000000   20.000
   573 19000.000000  2000.000000   20.000
   574 19000.000000  3000.000000   20.000
   575 19000.000000  4000.000000   20.000
   576 19000.000000  5000.000000   20.000
   577 19000.000000  6000.000000   20.000
   578 19000.000000  7000.000000   20.000
   579 19000.000000  8000.000000   20.000
   580 19000.000000  9000.000000   20.000
   581 19000.000000 10000.000000   20.000
   582 19000.000000 11000.000000   20.000
   583 19000.000000 12000.000000   20.000
   584 19000.000000 13000.000000   20.000
   585 19000.000000 14000.000000   20.000
   586 19000.000000 15000.000000   20.000
   587 19000.000000 16000.000000   20.000
   588 19000.000000 17000.000000   20.000
   589 19000.000000 18000.000000   20.000
   590 19000.000000 19000.000000   20.000
   591 19000.000000 20000.000000   20.000
   592 19000.000000 21000.000000   20.000
   593 19000.000000 22000.000000   20.000
   594 19000.000000 23000.000000   20.000
   595 19000.000000 24000.000000   20.000
   596 19000.000000 25000.000000   20.000
   597 19000.000000 26000.000000   20.000
   598 19000.000000 27000.000000   20.000
   599 19000.000000 28000.000000   20.000
   600 19000.000000 29000.000000   20.000
   601 20000.000000     0.000000   20.000
   602 20000.000000  1000.000000   20.000
   603 20000.000000  2000.000000   20.000
   604 20000.000000  3000.000000   20.000
   605 20000.000000  4000.000000   20.000
   606 20000.000000  5000.000000   20.000
   607 20000.000000  6000.000000   20.000
   608 20000.000000  7000.000000   20.000
   609 20000.000000  8000.000000   20.000
   610 20000.000000  9000.000000   20.000
   611 20000.000000 10000.000000   20.000
   612 20000.000000 11000.000000   20.000
   613 20000.000000 12000.000000   20.000
   614 20000.000000 13000.000000   20.000
   615 20000.000000 14000.000000   20.000
   616 20000.000000 15000.000000   20.000
   617 20000.000000 16000.000000   20.000
   618 20000.000000 17000.000000   20.000
   619 20000.000000 18000.000000   20.000
   620 20000.000000 19000.000000   20.000
   621 20000.000000 20000.000000   20.000
   622 20000.000000 21000.000000   20.000
   623 20000.000000 22000.000000   20.000
   624 20000.000000 23000.000000   20.000
   625 20000.000000 24000.000000   20.000
   626 20000.000000 25000.000000   20.000
   627 20000.000000 26000.000000   20.000
   628 20000.000000 27000.000000   20.000
   629 20000.000000 28000.000000   20.000
   630 20000.000000 29000.000000   20.000
   631 21000.000000     0.000000   20.000
   632 21000.000000  1000.000000   20.000
   633 21000.000000  2000.000000   20.000
   634 21000.000000  3000.000000   20.000
   635 21000.000000  4000.000000   20.000
   636 21000.000000  5000.000000   20.000
   637 21000.000000  6000.000000   20.000
   638 21000.000000  7000.000000   20.000
   639 21000.000000  8000.000000   20.000
   640 21000.000000  9000.000000   20.000
   641 21000.000000 10000.000000   20.000
   642 21000.000000 11000.000000   20.000
   643 21000.000000 12000.000000   20.000
   644 21000.000000 13000.000000   20.000
   645 21000.000000 14000.000000   20.000
   646 21000.000000 15000.000000   20.000
   647 21000.000000 16000.000000   20.000
   648 21000.000000 17000.000000   20.000
   649 21000.000000 18000.000000   20.000
   650 21000.000000 19000.000000   20.000
   651 21000.000000 20000.000000   20.000
   652 21000.000000 21000.000000   20.000
   653 21000.000000 22000.000000   20.000
   654 21000.000000 23000.000000   20.000
   655 21000.000000 24000.000000   20.000
   656 21000.000000 25000.000000   20.000
   657 21000.000000 26000.000000   20.000
   658 21000.000000 27000.000000   20.000
   659 21000.000000 28000.000000   20.000
   660 21000.000000 29000.000000   20.000
   661 22000.000000     0.000000   20.000
   662 22000.000000  1000.000000   20.000
   663 22000.000000  2000.000000   20.000
   664 22000.000000  3000.000000   20.000
   665 22000.000000  4000.000000   20.000
   666 22000.000000  5000.000000   20.000
   667 22000.000000  6000.000000   20.000
   668 22000.000000  7000.000000   20.000
   669 22000.000000  8000.000000   20.000
   670 22000.000000  9000.000000   20.000
   671 22000.000000 10000.000000   20.000
   672 22000.000000 11000.000000   20.000
   673 22000.000000 12000.000000   20.000
   674 22000.000000 13000.000000   20.000
   675 22000.000000 14000.000000   20.000
   676 22000.000000 15000.000000   20.000
   677 22000.000000 16000.000000   20.000
   678 22000.000000 17000.000000   20.000
   679 22000.000000 18000.000000   20.000
   680 22000.000000 19000.000000   20.000
   681 22000.000000 20000.000000   20.000
   682 22000.000000 21000.000000   20.000
   683 22000.000000 22000.000000   20.000
   684 22000.000000 23000.000000   20.000
   685 22000.000000 24000.000000   20.000
   686 22000.000000 25000.000000   20.000
   687 22000.000000 26000.000000   20.000
   688 22000.000000 27000.000000   20.000
   689 22000.000000 28000.000000   20.000
   690 22000.000000 29000.000000   20.000
   691 23000.000000     0.000000   20.000
   692 23000.000000  1000.000000   20.000
   693 23000.000000  2000.000000   20.000
   694 23000.000000  3000.000000   20.000
   695 23000.000000  4000.000000   20.000
   696 23000.000000  5000.000000   20.000
   697 23000.000000  6000.000000   20.000
   698 23000.000000  7000.000000   20.000
   699 23000.000000  8000.000000   20.000
   700 23000.000000  9000.000000   20.000
   701 23000.000000 10000.000000   20.000
   702 23000.000000 11000.000000   20.000
   703 23000.000000 12000.000000   20.000
   704 23000.000000 13000.000000   20.000
   705 23000.000000 14000.000000   20.000
   706 23000.000000 15000.000000   20.000
   707 23000.000000 16000.000000   20.000
   708 23000.000000 17000.000000   20.000
   709 23000.000000 18000.000000   20.000
   710 23000.000000 19000.000000   20.000
   711 23000.000000 20000.000000   20.000
   712 23000.000000 21000.000000   20.000
   713 23000.000000 22000.000000   20.000
   714 23000.000000 23000.000000   20.000
   715 23000.000000 24000.000000   20.000
   716 23000.000000 25000.000000   20.000
   717 23000.000000 26000.000000   20.000
   718 23000.000000 27000.000000   20.000
   719 23000.000000 28000.000000   20.000
   720 23000.000000 29000.000000   20.000
   721 24000.000000     0.000000   20.000
   722 24000.000000  1000.000000   20.000
   723 24000.000000  2000.000000   20.000
   724 24000.000000  3000.000000   20.000
   725 24000.000000  4000.000000   20.000
   726 24000.000000  5000.000000   20.000
   727 24000.000000  6000.000000   20.000
   728 24000.000000  7000.000000   20.000
   729 24000.000000  8000.000000   20.000
   730 24000.000000  9000.000000   20.000
   731 24000.000000 10000.000000   20.000
   732 24000.000000 11000.000000   20.000
   733 24000.000000 12000.000000   20.000
   734 24000.000000 13000.000000   20.000
   735 24000.000000 14000.000000   20.000
   736 24000.000000 15000.000000   20.000
   737 24000.000000 16000.000000   20.000
   738 24000.000000 17000.000000   20.000
   739 24000.000000 18000.000000   20.000
   740 24000.000000 19000.000000   20.000
   741 24000.000000 20000.000000   20.000
   742 24000.000000 21000.000000   20.000
   743 24000.000000 22000.000000   20.000
   744 24000.000000 23000.000000   20.000
   745 24000.000000 24000.000000   20.000
   746 24000.000000 25000.000000   20.000
   747 24000.000000 26000.000000   20.000
   748 24000.000000 27000.000000   20.000
   749 24000.000000 28000.000000   20.000
   750 24000.000000 29000.000000   20.000
   751 25000.000000     0.000000   20.000
   752 25000.000000  1000.000000   20.000
   753 25000.000000  2000.000000   20.000
   754 25000.000000  3000.000000   20.000
   755 25000.000000  4000.000000   20.000
   756 25000.000000  5000.000000   20.000
   757 25000.000000  6000.000000   20.000
   758 25000.000000  7000.000000   20.000
   759 25000.000000  8000.000000   20.000
   760 25000.000000  9000.000000   20.000
   761 25000.000000 10000.000000   20.000
   762 25000.000000 11000.000000   20.000
   763 25000.000000 12000.000000   20.000
   764 25000.000000 13000.000000   20.000
   765 25000.000000 14000.000000   20.000
   766 25000.000000 15000.000000   20.000
   767 25000.000000 16000.000000   20.000
   768 25000.000000 17000.000000   20.000
   769 25000.000000 18000.000000   20.000
   770 25000.000000 19000.000000   20.000
   771 25000.000000 20000.000000   20.000
   772 25000.000000 21000.000000   20.000
   773 25000.000000 22000.000000   20.000
   774 25000.000000 23000.000000   20.000
   775 25000.000000 24000.000000   20.000
   776 25000.000000 25000.000000   20.000
   777 25000.000000 26000.000000   20.000
   778 25000.000000 27000.000000   20.000
   779 25000.000000 28000.000000   20.000
   780 25000.000000 29000.000000   20.000
   781 26000.000000     0.000000   20.000
   782 26000.000000  1000.000000   20.000
   783 26000.000000  2000.000000   20.000
   784 26000.000000  3000.000000   20.000
   785 26000.000000  4000.000000   20.000
   786 26000.000000  5000.000000   20.000
   787 26000.000000  6000.000000   20.000
   788 26000.000000  7000.000000   20.000
   789 26000.000000  8000.000000   20.000
   790 26000.000000  9000.000000   20.000
   791 26000.000000 10000.000000   20.000
   792 26000.000000 11000.000000   20.000
   793 26000.000000 12000.000000   20.000
   794 26000.000000 13000.000000   20.000
   795 26000.000000 14000.000000   20.000
   796 26000.000000 15000.000000   20.000
   797 26000.000000 16000.000000   20.000
   798 26000.000000 17000.000000   20.000
   799 26000.000000 18000.000000   20.000
   800 26000.000000 19000.000000   20.000
   801 26000.000000 20000.000000   20.000
   802 26000.000000 21000.000000   20.000
   803 26000.000000 22000.000000   20.000
   804 26000.000000 23000.000000   20.000
   805 26000.000000 24000.000000   20.000
   806 26000.000000 25000.000000   20.000
   807 26000.000000 26000.000000   20.000
   808 26000.000000 27000.000000   20.000
   809 26000.000000 28000.000000   20.000
   810 26000.000000 29000.000000   20.000
   811 27000.000000     0.000000   20.000
   812 27000.000000  1000.000000   20.000
   813 27000.000000  2000.000000   20.000
   814 27000.000000  3000.000000   20.000
   815 27000.000000  4000.000000   20.000
   816 27000.000000  5000.000000   20.000
   817 27000.000000  6000.000000   20.000
   818 27000.000000  7000.000000   20.000
   819 27000.000000  8000.000000   20.000
   820 27000.000000  9000.000000   20.000
   821 27000.000000 10000.000000   20.000
   822 27000.000000 11000.000000   20.000
   823 27000.000000 12000.000000   20.000
   824 27000.000000 13000.000000   20.000
   825 27000.000000 14000.000000   20.000
   826 27000.000000 15000.000000   20.000
   827 27000.000000 16000.000000   20.000
   828 27000.000000 17000.000000   20.000
   829 27000.000000 18000.000000   20.000
   830 27000.000000 19000.000000   20.000
   831 27000.000000 20000.000000   20.000
   832 27000.000000 21000.000000   20.000
   833 27000.000000 22000.000000   20.000
   834 27000.000000 23000.000000   20.000
   835 27000.000000 24000.000000   20.000
   836 27000.000000 25000.000000   20.000
   837 27000.000000 26000.000000   20.000
   838 27000.000000 27000.000000   20.000
   839 27000.000000 28000.000000   20.000
   840 27000.000000 29000.000000   20.000
   841 28000.000000     0.000000   20.000
   842 28000.000000  1000.000000   20.000
   843 28000.000000  2000.000000   20.000
   844 28000.000000  3000.000000   20.000
   845 28000.000000  4000.000000   20.000
   846 28000.000000  5000.000000   20.000
   847 28000.000000  6000.000000   20.000
   848 28000.000000  7000.000000   20.000
   849 28000.000000  8000.000000   20.000
   850 28000.000000  9000.000000   20.000
   851 28000.000000 10000.000000   20.000
   852 28000.000000 11000.000000   20.000
   853 28000.000000 12000.000000   20.000
   854 28000.000000 13000.000000   20.000
   855 28000.000000 14000.000000   20.000
   856 28000.000000 15000.000000   20.000
   857 28000.000000 16000.000000   20.000
   858 28000.000000 17000.000000   20.000
   859 28000.000000 18000.000000   20.000
   860 28000.000000 19000.000000   20.000
   861 28000.000000 20000.000000   20.000
   862 28000.000000 21000.000000   20.000
   863 28000.000000 22000.000000   20.000
   864 28000.000000 23000.000000   20.000
   865 28000.000000 24000.000000   20.000
   866 28000.000000 25000.000000   20.000
   867 28000.000000 26000.000000   20.000
   868 28000.000000 27000.000000   20.000
   869 28000.000000 28000.000000   20.000
   870 28000.000000 29000.000000   20.000
